# gibbss_mc -onlymat -m A3.fasta.edit.unbias.mat A3.fasta.edit 

Last position-specific scoring matrix computed       
            A       R       N       D       C       Q       E       G       H       I       L       K       M       F       P       S       T       W       Y       V 
  1 A   0.738   1.856  -0.884  -1.027  -2.753   0.601   0.608  -0.194  -0.242  -1.477  -1.172   1.989  -0.807  -2.357  -1.114   0.930   0.321  -2.743   0.409  -0.700 
  2 A  -1.062  -2.666  -2.716  -2.264  -2.068  -0.193  -2.488  -2.506  -2.740   1.630   1.956  -2.434   0.442   0.109  -1.042  -0.554   1.118  -2.475   0.427   2.414 
  3 A  -0.679   0.067   0.089  -0.564  -0.182  -1.058  -0.627  -0.668   0.505   0.090   0.095  -0.932   1.206   2.812  -0.173  -1.723  -1.070  -1.547   2.398  -0.769 
  4 A  -0.403   1.031   0.521   0.356  -3.026   0.797   0.347   0.445  -1.664  -1.676  -0.463   0.584  -1.659  -0.851   2.689  -0.302  -0.491  -2.810   0.401  -0.903 
  5 A   0.112   0.527  -0.021   0.151  -0.494  -0.097  -0.359  -0.157  -0.212  -0.767  -1.328   0.783  -1.097  -0.570   2.192   0.105   0.218   1.236  -0.325  -0.087 
  6 A  -0.117   0.382  -0.498  -1.056  -2.535   0.420  -0.440  -0.087  -0.348   0.022  -0.914   0.007   0.689  -2.382   1.778   1.120   0.945   1.207  -1.323   0.446 
  7 A   0.048  -0.656  -0.585  -1.548  -2.591  -1.161  -1.073  -0.092   0.473  -0.420   0.312  -0.903   0.245   1.809   0.869  -0.517  -0.236   0.888   1.583   0.772 
  8 A  -0.647   0.054  -0.777  -1.687  -2.527  -0.435  -0.123  -1.171   0.904   0.322   0.207   0.363   0.205  -0.632  -0.706   0.266   1.413   0.245   1.052   0.845 
  9 A  -1.315   2.676  -1.543  -2.209  -3.482  -0.332  -0.541  -2.028   1.162  -1.728  -2.273   3.753  -0.741   0.211  -0.993  -1.000  -1.216   0.553   2.632  -1.094 
