# gibbss_mc -m B7.mat.lmer -onlymat -swt 1 -wlc 200 -l 9 -- 

Last position-specific scoring matrix computed       
            A       R       N       D       C       Q       E       G       H       I       L       K       M       F       P       S       T       W       Y       V 
  1 A   0.355   2.070   0.063   2.193  -2.018  -0.489  -0.585  -1.590  -0.022  -0.359  -1.548  -0.629  -0.400  -0.455  -1.948   0.579   0.412  -1.163  -0.486   0.406 
  2 A   1.643  -2.746  -3.203  -2.034  -3.478  -2.795  -2.602  -2.137  -1.317  -3.391  -3.760  -2.497  -3.431  -2.720   7.315  -1.236  -1.843  -5.216  -3.569  -1.229 
  3 A  -0.193   1.700   0.480  -1.404  -3.402  -0.574  -0.645  -1.918  -0.120  -0.730   0.287  -1.168  -0.211  -0.611   1.031   1.624  -1.580  -0.826   2.519   0.083 
  4 A  -0.864  -0.921  -0.109   0.682  -2.065   0.101   0.876  -0.205   0.728  -0.459  -0.322  -0.326  -1.406  -1.367   1.807   0.075   0.732   2.785  -1.785   0.305 
  5 A  -0.404  -0.284   0.435   0.108  -2.085   0.390   0.200  -0.893   0.417  -0.161  -1.226   0.290  -0.915  -0.730   2.864   0.366  -0.471   0.131   0.364   0.111 
  6 A   0.361  -0.315  -0.113  -0.753  -1.948  -0.363  -0.244   1.086  -1.769   0.692  -0.300  -0.355   0.080   0.733   0.145  -0.648   0.300  -1.072  -0.286   0.121 
  7 A   0.569   1.215  -0.176  -0.030  -1.992   0.421  -0.483  -0.238   0.175  -0.988  -0.683   0.386  -0.857  -1.132   1.307  -0.010   0.955  -1.182  -0.323  -0.036 
  8 A  -0.120   0.688   0.317  -1.693  -1.907  -0.664  -0.225  -1.481   0.603  -0.061  -0.539   0.680   0.819  -1.700   0.044   0.955   1.831  -1.118   0.255   0.124 
  9 A  -1.425  -3.655  -4.260  -4.675  -2.955  -3.406  -3.961  -4.618  -3.084   2.514   3.017  -2.564   1.482   0.300  -4.191  -3.281  -0.831   2.427   2.910   1.356 
