# gibbss_mc -m A1.mat.lmer -onlymat -swt 1 -wlc 200 -l 9 -- 

Last position-specific scoring matrix computed       
            A       R       N       D       C       Q       E       G       H       I       L       K       M       F       P       S       T       W       Y       V 
  1 A  -0.153   0.852  -1.532  -0.532  -0.365   0.333  -0.613  -1.582   1.023  -0.087  -1.440   1.096  -0.298   0.905  -2.454   0.566  -1.187  -1.370   3.034   0.529 
  2 A  -0.110  -1.871  -1.290  -2.042  -0.013   0.054  -1.527  -2.155  -1.496  -0.167  -0.116  -1.514  -0.028  -0.246  -2.122   2.562   2.546  -1.755   2.275   0.435 
  3 A  -0.280  -1.432   0.277   4.290  -3.147  -0.442   2.430  -1.968  -1.410  -2.841  -2.308   0.262  -2.242   0.463  -2.059   0.898  -0.155  -3.002  -1.864  -2.584 
  4 A  -0.681  -1.976  -1.240   1.989  -0.481   0.109   0.087   0.196   2.335   0.318  -1.167  -0.999  -0.291  -0.771   2.633  -0.827  -1.255  -2.390   1.245  -0.600 
  5 A  -0.758  -1.133  -1.639   0.614  -0.323  -0.488   0.829   1.031  -2.071   0.559  -0.644  -0.482  -1.175  -1.535   1.683  -0.409  -0.463   0.774  -0.352   1.209 
  6 A  -0.150  -1.188   0.409  -0.393  -2.435  -0.888  -1.138   0.621   0.615  -0.482  -0.552  -1.179   0.540   1.559   2.287  -0.115   1.159  -2.491  -1.057  -0.258 
  7 A  -0.277  -1.099   0.953  -0.138  -2.645  -0.375   0.020   0.132   2.002  -0.314   0.568  -1.520  -0.114   0.166   0.372   0.261  -0.768   2.459   1.165  -1.358 
  8 A  -0.096  -0.207  -1.282   0.485  -2.511   1.477   0.678  -1.464  -1.525  -0.157  -0.198   1.737   1.292  -1.852  -1.141   0.508   0.493  -0.373   0.113  -0.296 
  9 A  -2.299  -2.248  -2.612  -3.278  -3.371  -0.372  -1.219  -3.668   0.784  -1.697  -0.810  -2.192  -1.208   2.761  -3.218  -2.268  -2.261   1.283   7.134  -1.791 
