# gibbss_mc -m B58.mat.lmer -onlymat -swt 1 -wlc 200 -l 9 -- 

Last position-specific scoring matrix computed       
            A       R       N       D       C       Q       E       G       H       I       L       K       M       F       P       S       T       W       Y       V 
  1 A  -0.756   0.460  -1.346  -0.333  -2.478  -0.672  -0.466  -0.823   0.743   1.486  -0.822   2.579  -0.929  -1.993  -2.225   0.117   0.357  -2.778  -0.641   0.778 
  2 A   1.272  -1.853  -0.959  -1.714  -1.589  -1.267  -1.458   0.231  -2.152  -0.434  -0.548  -1.369  -0.177  -2.277  -1.768   2.948   3.030  -2.965  -2.253  -0.192 
  3 A  -0.145  -0.298   0.097   1.768  -2.377  -1.367  -1.180  -1.389  -1.875   0.830   0.271   0.008   0.011   0.564  -0.827   0.703  -0.035   0.988  -0.327  -0.115 
  4 A  -1.171   0.233  -0.167   1.236  -3.018   2.357   2.004  -1.354   1.037  -1.668  -1.656   0.562  -1.712  -2.725   2.650   0.985  -0.377  -3.006  -0.754  -1.516 
  5 A  -0.596  -1.553   0.845   0.865  -2.377  -0.376   1.856  -1.477  -0.211   0.381  -0.093  -0.247  -0.921  -0.626  -2.269   0.013   1.464  -2.847  -1.788   0.899 
  6 A   0.263  -0.565  -0.751  -0.875  -2.353   1.671   0.758  -2.482   0.562  -0.042  -0.500   0.262  -0.919   0.017   0.473  -0.851   1.054  -2.190   0.972   1.041 
  7 A  -1.111  -0.546   0.952  -0.049  -2.577   1.995   0.519  -0.788   1.088  -0.543   0.336  -0.083   0.025  -0.119  -0.815  -0.160   0.485  -2.479  -0.323   0.333 
  8 A   0.154   0.871   0.740  -1.207  -2.381   1.840   0.936  -0.239  -0.631  -1.065  -1.443   0.750  -0.360  -1.390  -2.037   1.291   1.449  -2.875  -1.942  -0.051 
  9 A  -2.901  -2.964  -3.560  -4.112  -3.519  -2.902  -3.119  -3.335  -1.752  -1.810  -0.424  -3.233  -0.282   2.992  -4.712  -3.052  -2.673   9.842   2.689  -2.200 
