# gibbss_mc -m A26.mat.lmer -onlymat -swt 1 -wlc 200 -l 9 -- 

Last position-specific scoring matrix computed       
            A       R       N       D       C       Q       E       G       H       I       L       K       M       F       P       S       T       W       Y       V 
  1 A  -1.246  -0.406  -0.122   3.067  -3.580   1.079   4.232  -2.127  -0.238  -3.143  -2.954   0.942  -2.119  -2.000  -1.525  -0.403  -1.171  -2.041   0.698  -2.641 
  2 A  -0.882  -2.465  -2.030  -2.598  -1.423  -2.078  -2.452  -0.362  -2.664   2.643   0.915  -2.112   0.363   0.889  -2.412  -0.926   1.787  -2.064  -0.930   1.880 
  3 A  -1.220  -1.813  -1.700   0.070  -2.193  -1.658  -1.445  -2.537  -1.935   1.670  -0.285  -0.332  -0.449   2.623   3.537  -0.359  -0.976  -1.794  -0.049   0.161 
  4 A  -0.581  -1.088   1.127   0.886  -2.614  -0.661   1.001   3.044  -1.306  -1.247  -2.460  -0.870  -2.012  -1.806   2.630   0.318  -0.956  -2.915  -2.297  -1.880 
  5 A   0.083  -0.585   1.134  -1.177  -2.018  -0.543  -0.245  -0.639  -0.930   0.088  -1.022   1.284  -0.805   1.387  -1.885   0.370   0.463  -1.428   1.316   0.339 
  6 A  -1.073   0.528   0.469   0.156  -1.933  -0.671   0.436  -2.427  -1.599   1.314   0.346  -0.746   1.104  -1.464   1.111  -0.651   1.157  -2.609  -1.770   0.822 
  7 A  -0.035   0.371  -1.246   0.234  -2.189   0.538  -0.860   1.184  -1.757   1.464  -0.825   0.288  -0.757  -2.042   2.607  -0.867  -1.028  -2.898  -2.089   0.011 
  8 A   1.012  -0.725   0.802  -1.089  -1.668   1.315  -0.541   0.993  -1.225  -0.407  -1.210   0.415   0.686  -2.163  -1.540   1.142   1.695  -2.555  -1.871  -0.674 
  9 A  -1.773  -1.980  -2.423  -2.603  -2.416  -1.352  -0.385  -3.280   0.217  -0.257   1.352  -1.907   1.325   3.117  -2.862  -1.931  -1.655   0.803   5.066  -0.652 
