chromosome	start.pos	end.pos	Bf	N.BAF	sd.BAF	depth.ratio	N.ratio	sd.ratio	CNt	A	B	LPP
chr1	14542	935954	0.339427890998498	45	0.0956516617944529	1.45790513828054	988	0.840094389592995	5	4	1	-4.94437726213785
chr1	942951	12860925	0.413373102411221	881	0.0740302472820441	0.994757201566256	24222	0.411437929382837	2	1	1	-4.93851560446083
chr1	12861243	13421340	0.366867667206415	119	0.0927327376517514	1.97617547533918	762	0.85136542221152	7	5	2	-4.94226422841336
chr1	13475756	121395909	0.412728196995926	2968	0.0721994108010808	1.02774321387669	145183	0.404205360722727	2	1	1	-4.93458035185069
chr1	125063751	149607631	0.385237455430885	179	0.0851084808835034	1.26508750190395	12366	0.678970991289265	3	2	1	-4.95119909779212
chr1	149672815	248847255	0.418246022415187	2922	0.0705476364848137	1.03766906828935	136533	0.391011336073489	2	1	1	-4.93966589478628
chr2	41366	88772764	0.412650213043607	2052	0.073291691035066	1.10640166887628	85391	0.419917207043799	2	1	1	-4.94537495870052
chr2	88772812	91963663	0.338268675929808	133	0.100394119112757	1.36203365151231	3662	0.616691609267739	5	4	1	-4.97348089589384
chr2	94189339	230469296	0.413740540393832	3467	0.0742012164294512	1.11191168248167	143655	0.466529482934029	2	1	1	-4.94775718740339
chr2	230469501	242169649	0.387824735524628	541	0.0802979118774532	0.85527588407562	19508	0.328604912866956	1	1	0	-4.93350179751777
chr3	319810	75624420	0.420890181211588	1783	0.0716602920844114	1.01626084265281	88185	0.374653845798849	2	1	1	-4.94412178563236
chr3	75630546	90257398	0.334796058992418	204	0.0964744069170329	1.17610467792481	3999	0.469713433023033	2	2	0	-4.97270100096764
chr3	91421687	197883738	0.421075280373008	2414	0.0693029434067191	1.05634476586005	101406	0.390368484590084	2	1	1	-4.94477137749692
chr4	18882	8950422	0.419453760186816	627	0.0705472015304839	1.03936389424546	16913	0.438359124633856	2	1	1	-4.94131107127272
chr4	8959449	9484932	0.327397859605694	137	0.0828134611223664	1.34705593272804	1443	0.776702727966338	5	4	1	-4.97954730589506
chr4	9497775	48892964	0.422619589295063	519	0.0752201830167671	1.07511165808773	22871	0.402982019873507	2	1	1	-4.94992189213338
chr4	49163359	49599336	0.336153273859873	102	0.0942274130898041	1.29562061410191	735	0.627077113921864	4	3	1	-5.00093960432722
chr4	52072216	190188378	0.419892858854158	2272	0.0715399695589089	1.09065700071498	92128	0.407964958847814	2	1	1	-4.94866981621865
chr5	90375	45262797	0.4096095973895	829	0.0774431336666862	1.11837052086715	29224	0.429620312953362	2	1	1	-4.94787449349095
chr5	49658703	141122762	0.422874935470688	1394	0.0693279458624724	1.0801347488272	70126	0.419384326622993	2	1	1	-4.95130142458337
chr5	141123655	141487921	0.426869037935898	83	0.0629809359697163	1.37249180735059	2625	0.576245218773577	4	2	2	-4.95494982030039
chr5	141511203	181326462	0.419121791044126	986	0.0719159679242306	1.03439832408894	42330	0.388440219284714	2	1	1	-4.94078958283847
chr6	132284	60873876	0.423835615586234	1494	0.0707897273920494	1.03001562232325	62577	0.400201650681901	2	1	1	-4.94859149105409
chr6	61681011	170739891	0.392842616777121	1798	0.0808425699053747	0.915609300769192	81000	0.362387751810737	1	1	0	-4.94439238653979
chr7	501104	58088335	0.402318165078853	1940	0.0741943849164853	1.22180172207399	57249	0.493207425937566	3	2	1	-4.9338601703275
chr7	60942384	100957047	0.392091521320286	1210	0.0798066610495547	1.21332529584887	46918	0.53096042134679	3	2	1	-4.93655226750286
chr7	100957726	100958744	0.358163257045781	39	0.100111462846431	0.19183302195562	63	0.0639358637609534	0	0	0	-7.6005697196364
chr7	100959051	159233474	0.392047260691644	1648	0.0788462620658819	1.20570736286083	60588	0.472252727655731	3	2	1	-4.93647364131812
chr8	213226	43541006	0.37473802578307	1273	0.0904085726441858	0.939924768225519	39720	0.421921626765276	1	1	0	-4.95718912789892
chr8	46593602	145064496	0.418734759714052	1446	0.0732080398755704	1.04780103478229	66529	0.39926140797281	2	1	1	-4.94068338201063
chr9	12667	38610946	0.382907437814906	721	0.0814674175704445	0.906521376295343	33837	0.38896106023222	1	1	0	-4.93905943026386
chr9	38615782	43129230	0.348370554037753	227	0.0947974883564027	1.47164031169213	3897	0.810152448275679	5	4	1	-4.95449209950427
chr9	61541958	138217446	0.343766406887739	2479	0.0861679554746442	1.06328773669557	98012	0.459472811691015	2	2	0	-4.94218682523969
chr10	47663	38997140	0.412643972657941	1184	0.077146604502402	1.05929666991037	34528	0.437157374373818	2	1	1	-4.93582563624539
chr10	42210047	96983602	0.411686112354732	1391	0.0751922616182866	1.14725347146432	58182	0.557272473628374	3	2	1	-4.94733157934005
chr10	97043495	133787364	0.351755461835815	955	0.087637117075143	0.969862399439871	44680	0.409804308334017	2	2	0	-4.96457805663299
chr11	128770	48944081	0.418103637935076	1603	0.0712105178533968	1.0433271009621	56175	0.397011689363383	2	1	1	-4.93964753627151
chr11	48945872	50422246	0.429952838332455	224	0.0646543735604923	1.50478722644523	3156	0.709747634683235	5	3	2	-4.97333000774163
chr11	54591430	134450730	0.41892996293769	2421	0.0701468492318572	1.03753136445289	110058	0.416495085782173	2	1	1	-4.94055529423476
chr11	134735018	134735959	0.326966023402673	9	0.0748795328807842	2.91116568577159	27	0.835474086203725	7	5	2	-5.41201165017751
chr12	37350	8229191	0.424921676597137	442	0.0679458279533467	1.01277542228174	16462	0.406178698553862	2	1	1	-4.95175951366333
chr12	8229245	8229866	0.307950542577246	9	0.225661127455405	3.2720769661541	21	0.846262564793828	7	6	1	-5.65164960019012
chr12	8230453	34620624	0.412804389220517	1009	0.0738625232429456	1.06772347052521	27419	0.41636146312028	2	1	1	-4.93698695296845
chr12	37418031	133234117	0.423006320598637	2680	0.0691680829489661	1.00672132387572	121901	0.391192276036202	2	1	1	-4.9487273299675
chr13	18173200	114327201	0.413610262347199	1844	0.0752119462526586	1.06917864901943	65835	0.415313956526895	2	1	1	-4.93773254643595
chr14	18394750	19678650	0.344767410996324	65	0.0983655442137212	1.12034969380209	1688	0.65057981417868	2	2	0	-4.95707193317442
chr14	19679303	106349375	0.384592755541285	2057	0.0829237690689112	0.853004142420927	92693	0.334711008099002	1	1	0	-4.9333848875482
chr15	19887959	23440884	0.358376252368805	234	0.0987829442859537	1.27368947231063	4409	0.721427752926574	4	3	1	-4.95239887749995
chr15	23441431	101976613	0.415965788288561	2459	0.0714878247224742	1.0366366571484	103016	0.437128604045681	2	1	1	-4.93708268053989
chr16	11641	16640	0.265361271628039	11	0.0693005312848584	1.40173198831436	77	0.956874689226207	4	4	0	-4.94410558159242
chr16	17254	32001950	0.419364908800519	1527	0.0730138645281437	1.01067108205987	57009	0.445999596999965	2	1	1	-4.94238826884227
chr16	32003285	36150482	0.342460012275112	107	0.0884835805730933	1.11179867314301	4202	0.594862691632823	2	2	0	-4.95126167029934
chr16	46386441	46400111	0.359047626584397	15	0.0951425997422516	0.273868602020662	146	0.11683573407856	0	0	0	-6.64453927353854
chr16	46671590	90224655	0.415068661538977	1402	0.0771206280851865	1.00456482859552	55888	0.396350602931147	2	1	1	-4.93824602681306
chr17	532656	7283804	0.416041352947193	515	0.0806961870375241	0.945346059510344	16911	0.358684401596083	2	1	1	-4.95641860337312
chr17	7288772	22715632	0.378831256858353	1043	0.0885509601817089	0.87780951175323	32866	0.382593950071586	1	1	0	-4.93632634039588
chr17	26765485	56228189	0.382680953406105	1029	0.0829018619664461	0.821177701948963	55022	0.338912914134476	1	1	0	-4.93951863752046
chr17	56323342	82870327	0.422480295150477	1302	0.0680198593896228	0.988370979472741	53935	0.39521025752235	2	1	1	-4.95096224449507
chr18	47492	15180022	0.413627512296753	503	0.078154934441618	1.08110680407097	15829	0.458619453915762	2	1	1	-4.93981282420685
chr18	22415240	80258351	0.424801832373157	850	0.0636802525422657	1.05905429009685	34379	0.395831405676594	2	1	1	-4.951831142761
chr19	104827	24001195	0.381821403833895	1925	0.0826187320669767	0.787599171826862	73197	0.328851139460131	1	1	0	-4.95404968648093
chr19	27756642	42378714	0.411911586995388	656	0.0716703824039376	0.937257285590751	31372	0.361389379701133	2	1	1	-4.95716293582567
chr19	42522306	43501623	0.426306449169145	162	0.0560524979313705	1.38622986750185	3409	0.700168777423968	4	2	2	-4.9538210004285
chr19	43546420	58599150	0.418956548237848	1456	0.070723319780025	0.949124166346024	49456	0.386438462686372	2	1	1	-4.95816996565961
chr20	96321	26082924	0.404460813206024	638	0.0717212197827497	1.0352280597976	24695	0.411792143231935	2	1	1	-4.93360344276943
chr20	28565044	30653516	0.355850573367743	486	0.0963925696898311	0.903302433099646	2428	0.458422308442788	1	1	0	-4.99029977132007
chr20	30654135	64074118	0.418549565556714	1134	0.0700815787400505	0.982201913310115	51327	0.375233356143051	2	1	1	-4.94638901629697
chr21	5154647	13052061	0.345060452328219	313	0.0886309920542416	1.1079600255894	2522	0.598049730321613	2	2	0	-4.9535404883113
chr21	13350657	44522228	0.403338521829966	956	0.074401404920113	1.20082939771984	28071	0.479718420234294	3	2	1	-4.93379656830192
chr21	44539214	44654285	0.387742389276658	62	0.0635325006248181	2.06201625216459	460	0.67488833797277	7	4	3	-4.9725701013779
chr21	44657895	46681149	0.39924598367201	206	0.0770548601970734	1.21232046340002	4782	0.475837424014725	3	2	1	-4.9330771682199
chr22	10678964	12812615	0.360362145641034	189	0.102402596888948	0.939997940142905	1492	0.587515194767329	1	1	0	-4.98803890433824
chr22	15325451	50798635	0.408721864243933	2090	0.0772003814158273	1.01382240152236	68718	0.44171887652142	2	1	1	-4.9339776776202
chrX	284193	49590576	0.393029558321273	169	0.0994076340732016	1.20398200548944	35128	0.540881412781176	3	2	1	-4.93563125888331
chrX	74583282	156025116	0.35525592652749	68	0.0964730932751485	1.21561182413559	52418	0.535375854419823	4	3	1	-4.97874113904429
chrY	3851074	11466707	0.344297892044219	73	0.0794449111757319	1.34615749338378	4488	0.820371562309213	4	3	1	-4.96697531622892
chrY	21540939	56856581	0.320857035036852	39	0.120959579914157	1.27348127595152	1875	0.878298212994141	3	3	0	-5.00657424479875
