# gibbss_mc -m B8.mat.lmer -onlymat -swt 1 -wlc 200 -l 9 -- 

Last position-specific scoring matrix computed       
            A       R       N       D       C       Q       E       G       H       I       L       K       M       F       P       S       T       W       Y       V 
  1 A   0.192   0.221  -0.398  -0.206  -2.572   0.308   1.879  -0.215   0.627  -0.684  -0.988  -0.797  -0.063  -0.072   0.919  -0.944  -1.295   1.939   1.746   0.001 
  2 A   0.263  -0.984  -2.246  -1.081   0.626  -1.570  -0.942  -2.570  -2.157   0.966   1.867  -1.657   1.469  -0.977   2.364  -0.217  -1.022  -2.425  -0.241   0.530 
  3 A  -1.199   2.619  -0.923  -1.586  -3.000   0.318  -0.264  -2.235   0.558  -0.796  -0.856   3.899  -1.162  -2.217  -0.023   0.097  -1.065  -2.515  -0.223  -1.661 
  4 A  -0.905   1.055  -0.116  -0.274  -2.473   0.406   0.916  -0.165  -1.320  -0.619  -0.271   1.319  -0.967  -1.782  -0.161   0.865  -0.164   1.746  -0.212  -0.000 
  5 A  -1.415   2.645  -0.981  -1.594  -3.147   0.350   0.035  -2.334   0.497  -1.398  -0.888   3.974  -1.191  -0.874  -1.911  -0.879  -0.275   2.671  -1.217  -1.880 
  6 A  -0.684  -0.583  -0.498  -1.119   0.415  -0.106   0.023   0.500   1.533  -0.209   0.585  -0.612   0.355  -0.804  -0.365  -1.166  -0.308   1.935   1.723   0.237 
  7 A   0.153  -0.076   1.101   0.516   0.340   1.368   0.029  -1.979   0.621  -0.898  -1.123   0.716  -0.074  -1.325  -0.555  -0.289  -1.090   4.469   1.097  -0.469 
  8 A   1.295  -1.338  -0.934   1.131  -2.152   0.303   1.558  -0.713   1.496  -0.522  -1.557  -0.274  -1.377  -2.093   1.090   0.023   1.337  -2.571  -0.196  -0.610 
  9 A  -1.020  -2.117  -3.046  -3.426  -1.857  -2.168  -2.695  -1.727  -2.635   1.656   3.100  -0.703   1.486   2.091  -3.055  -2.234  -1.494  -1.798  -0.571   0.640 
