# gibbss_mc -m B62.mat.lmer -onlymat -swt 1 -wlc 200 -l 9 -- 

Last position-specific scoring matrix computed       
            A       R       N       D       C       Q       E       G       H       I       L       K       M       F       P       S       T       W       Y       V 
  1 A  -0.974  -1.123  -0.327  -1.348  -2.425  -0.090  -1.151   0.460  -0.184   1.157   0.586  -0.651  -0.601   0.888  -2.775  -0.520   0.132   1.140   2.042   0.709 
  2 A  -1.053  -1.373  -0.323  -2.062  -2.573   3.587  -0.368   0.132  -1.631   0.235   1.251  -1.076   1.796   0.418   0.770  -1.454  -1.453  -2.541  -1.462   0.023 
  3 A  -1.017   1.250  -0.670  -1.245  -3.182  -1.006  -1.472   2.392   1.023  -1.289  -1.260   1.767  -1.688   0.803   0.051  -1.348  -1.843  -1.392   2.983  -2.130 
  4 A  -0.209  -1.171   0.031   0.736  -2.866   0.368   0.974   1.108  -0.177  -1.446  -1.124   0.745  -1.723  -1.266   3.183  -0.210  -1.377  -1.444  -0.121  -0.738 
  5 A   0.008  -0.181   0.059  -0.794  -2.597  -0.055  -1.618   1.720  -0.411  -0.404  -0.652  -0.534  -0.937   1.318   2.704  -0.442  -0.326  -2.623  -1.302  -0.537 
  6 A   0.760  -1.994   0.586  -0.353  -2.133  -1.547  -1.644   1.457  -0.828   0.036  -0.538  -0.730  -0.006  -1.414   1.061   1.099   0.750   0.133  -2.057   0.446 
  7 A  -0.635   0.538  -0.034  -1.071  -2.246   0.168  -0.832   0.175   0.596   0.787  -0.601  -0.250  -0.931  -1.059  -2.436   0.738   1.307   0.765  -1.666   1.401 
  8 A   0.519  -0.785   0.014  -0.903  -1.964   0.747  -0.178  -0.982  -2.007   0.129  -0.727  -0.250   0.818  -2.224  -2.114   0.831   2.695  -0.559  -2.117   1.109 
  9 A  -2.313  -2.679  -2.941  -3.755  -3.104  -2.336  -2.797  -3.740   0.285  -1.029  -0.645  -2.730  -0.114   4.147  -3.486  -2.479  -2.232   1.033   6.542  -0.369 
