# gibbss_mc -m B44.mat.lmer -onlymat -swt 1 -wlc 200 -l 9 -- 

Last position-specific scoring matrix computed       
            A       R       N       D       C       Q       E       G       H       I       L       K       M       F       P       S       T       W       Y       V 
  1 A   2.207   0.592  -0.537  -0.936  -2.292  -0.190   2.587   0.670   0.010  -2.023  -2.080   0.597   0.195  -1.440  -1.876   0.042  -0.521  -2.844  -1.960  -0.791 
  2 A  -1.465  -0.759  -0.879   1.164  -3.992   1.516   5.661  -2.713  -0.628  -3.539  -3.133   0.095  -2.311  -0.773  -1.837  -0.719  -1.528  -2.782  -1.917  -2.900 
  3 A  -1.542  -1.856   0.942   0.290  -2.533  -1.519  -0.966   0.266   0.803   1.262  -0.340  -0.186   1.694   2.200  -0.964  -0.915  -0.738  -2.147  -0.631   0.553 
  4 A  -0.520   0.306  -1.381   0.678  -1.169  -0.178  -0.574   1.372  -1.777  -1.358   0.453   0.558  -1.042  -1.575  -0.211  -0.573   0.549   3.621   0.367  -0.650 
  5 A  -1.146   0.339  -0.913   1.470  -2.702  -0.047  -0.234   0.513  -1.933  -0.194  -0.353   0.207  -1.193  -0.203   2.141  -0.934   0.028   1.881  -0.999   0.201 
  6 A  -0.179  -2.002   0.078   1.686  -2.424  -0.681  -1.252   0.021  -0.202   0.669  -0.361  -0.710  -1.009   0.339   0.234  -0.274  -0.368   2.329   0.588   0.717 
  7 A   0.203  -0.699  -0.024  -0.367  -2.401  -1.339  -1.488  -0.068   0.827   0.023  -0.053   0.705  -0.946   1.589   0.274  -0.156   0.281   1.169   0.153  -0.100 
  8 A  -0.149   1.000  -0.510   0.124  -2.431  -0.755   0.010  -0.958   1.303  -0.516  -0.545   1.013  -1.126  -0.422  -1.332   0.637   1.094   1.083   0.045   0.143 
  9 A  -1.043  -1.489  -2.604  -0.967  -2.816  -1.169  -2.273  -3.089  -1.117  -0.539   0.251  -2.394   0.108   3.824  -3.467  -1.498  -1.947   6.362   3.757  -0.511 
