# gibbss_mc -onlymat -m A2.fasta.edit.unbias.mat A2.fasta.edit 

Last position-specific scoring matrix computed       
            A       R       N       D       C       Q       E       G       H       I       L       K       M       F       P       S       T       W       Y       V 
  1 A   0.744   0.035  -1.333  -1.354  -0.684  -0.597  -0.829  -0.222  -0.688   0.225   0.104   0.059   0.587   0.649  -0.898   0.699  -0.199  -0.590   0.742   0.506 
  2 A  -0.554  -2.742  -3.268  -2.885  -0.730  -1.697  -2.350  -2.538  -3.110   1.059   3.576  -2.019   2.144  -0.259  -2.147  -1.632  -0.063  -2.686  -1.210   0.647 
  3 A  -0.132  -0.567   0.362   1.100  -0.276  -0.682  -0.933   0.317   0.658  -0.750  -0.305  -0.949   0.176   0.307   0.586  -0.004  -0.097   2.227   0.891  -0.345 
  4 A  -0.090  -0.291  -0.651   1.431  -1.185   0.347   0.523   1.148  -0.546  -0.502  -1.183  -0.224  -0.964  -1.112   1.715   0.306   0.178   0.936  -2.254  -0.662 
  5 A  -0.782   0.066  -0.162  -0.781  -1.242   0.082  -0.050   1.328   0.718  -0.944  -0.555  -0.584  -0.804   0.675   1.318  -0.710  -0.209   1.563   0.765   0.181 
  6 A  -0.139  -0.717  -0.772  -1.314   0.141  -0.452  -0.597  -0.534  -0.234   0.819   0.245  -1.022   0.393   1.031  -0.087  -0.084   0.384   0.487   0.148   0.918 
  7 A   0.522  -1.157  -0.061  -0.786   0.300   0.048  -0.682  -0.860   0.946  -0.091   0.156  -1.506   0.668   0.660   1.328   0.248  -0.226   2.100   0.162  -0.200 
  8 A  -0.680   0.557  -0.333  -1.002  -1.141   0.587   0.418  -0.637   0.241  -0.335   0.194  -0.338  -0.025   0.068   0.631   0.706   0.786  -0.266   0.658  -0.546 
  9 A  -0.244  -1.730  -2.868  -2.414   0.280  -0.563  -1.401  -2.451  -1.139   1.357   1.808  -1.468   0.330  -0.325  -3.100  -0.768  -0.350  -2.861  -0.869   2.848 
