
Last position-specific scoring matrix computed       
            A       R       N       D       C       Q       E       G       H       I       L       K       M       F       P       S       T       W       Y       V 
  1 A   0.002   0.918  -0.304  -0.324   0.000  -0.637  -0.335   0.645  -1.502   0.862  -0.524  -0.550   0.064   0.052   0.965  -0.031  -0.004   0.874  -0.130  -0.471 
  2 A  -0.545   1.215  -0.996   0.173   0.000  -0.092   0.067  -1.442  -0.410   0.971   0.388   1.156   0.274  -0.111  -0.957  -1.201  -0.237   0.895  -0.060   0.543 
  3 A  -0.088   1.473   0.758  -0.484   0.000   0.314   0.233   0.337  -0.793   0.428  -0.749   0.356   0.105   0.069  -4.197   0.257   0.385  -1.204   0.314   0.261 
  4 A   0.212   2.026  -1.421   1.498   0.000  -0.143   0.601  -1.442  -0.373   0.727   0.750  -1.409   0.712   0.668  -4.382  -1.663  -1.501   0.967   1.112   0.658 
  5 A   0.435   1.999   0.359   0.306   0.000  -1.007  -0.209   0.036  -0.311  -0.893  -0.769   0.524   1.084  -1.545   0.598   0.520   0.055  -1.288   0.561  -1.481 
  6 A  -1.178   0.366   0.931   1.374   0.000  -0.450  -0.694   0.423   1.515   1.156   0.364  -2.526  -0.232   0.982  -0.990  -1.415   0.088   1.608   0.156  -0.284 
  7 A  -0.241   1.228  -0.292   0.198   0.000  -0.621  -0.156   0.623   0.042   0.848   0.260  -0.962   0.198  -0.072  -0.095  -0.342  -0.633  -3.413   1.002  -0.032 
