
Last position-specific scoring matrix computed       
            A       R       N       D       C       Q       E       G       H       I       L       K       M       F       P       S       T       W       Y       V 
  1 A   1.545   0.011   0.249   1.775  -0.666   1.259   0.570  -2.127  -0.581  -1.086  -0.812   0.276  -1.472  -2.617  -2.265  -0.318   1.338  -3.171  -1.238   0.378 
  2 A  -2.604  -2.755  -3.044  -3.916  -3.514  -2.341  -2.877  -3.912   0.415  -1.340  -1.397  -2.791   0.096   3.565  -3.639  -2.643  -2.532   3.055   7.173  -1.842 
  3 A   0.861  -1.424  -1.716   0.420   2.383  -0.338  -1.621   0.183  -0.902  -0.695   0.551  -0.818   0.232  -2.257   1.764   1.273   0.052  -3.198  -1.280  -0.451 
  4 A  -0.549   0.008   0.119   0.626  -0.953   1.640   0.148  -1.789   0.589  -1.064  -0.586   0.297  -1.543  -0.433   2.243   0.535  -1.442   3.422   0.505  -0.876 
  5 A  -0.068  -0.369   0.190  -0.574   0.821   0.690  -1.012  -1.830   0.955  -0.166   0.279  -0.152  -0.258   1.052  -1.362   0.643  -0.405   1.186   0.259   0.488 
  6 A  -0.512  -0.079   0.028  -0.688  -0.491   0.660  -0.245  -0.831   1.007  -0.413   0.008  -1.106  -1.120   1.945   0.217  -0.284  -0.579   0.532   1.153   0.539 
  7 A   0.685   0.512   0.823  -1.186  -2.716   0.907  -0.369  -0.571   0.369  -0.665  -0.608   1.207   0.638   0.704  -0.328   0.238  -0.071   0.329  -0.556  -0.901 
  8 A  -1.064  -1.258  -0.301   1.353   0.266  -0.547   0.602   0.024   0.947  -0.633   0.007   0.927   0.434   1.319  -1.953  -0.154  -0.610   0.362  -0.424  -0.523 
  9 A  -2.523  -3.316  -3.867  -4.255  -2.516  -3.321  -3.685  -4.160  -2.664   1.637   3.049  -3.449   0.839   4.346  -3.993  -3.166  -2.224   2.116   1.256  -0.211 
