# gibbss_mc -m B27.mat.lmer -onlymat -swt 1 -wlc 200 -l 9 -- 

Last position-specific scoring matrix computed       
            A       R       N       D       C       Q       E       G       H       I       L       K       M       F       P       S       T       W       Y       V 
  1 A  -0.891   3.750  -0.011  -2.649  -3.657   0.629  -1.934   2.385  -0.641  -0.719  -1.612   1.347  -1.540  -2.065  -3.187   0.698  -0.928  -3.722  -3.001  -1.430 
  2 A  -2.791   6.688  -1.845  -2.950  -4.617   1.013  -1.420  -3.711   0.229  -3.166  -3.015   0.983  -2.604  -4.097  -3.385  -2.108  -2.459  -3.710  -2.966  -2.673 
  3 A  -0.403   0.718  -0.492  -2.710  -1.869  -1.239  -2.832  -0.656  -0.636   0.555  -0.144  -0.706   0.770   2.837  -1.094  -0.757  -1.468   4.148   2.288  -0.218 
  4 A  -0.215  -0.446   0.438   0.108  -3.370   1.355  -0.228   0.911  -2.478  -0.814  -0.170   0.466  -1.601  -0.571   1.115   0.497  -0.194   1.592  -0.675  -0.233 
  5 A   0.051  -0.085   0.201  -0.018  -3.340   0.523  -0.078   1.929  -1.556  -0.102  -1.526  -0.124  -1.460  -2.385   1.563   0.478  -1.028   1.290  -1.293   0.459 
  6 A  -0.309  -1.729  -0.875  -0.823  -3.153   0.852  -0.699   0.050   0.304   1.176   0.366  -0.420  -0.209  -0.364   1.598   0.069  -0.124  -3.299   0.147   0.544 
  7 A   0.739   0.011  -1.482  -1.026  -3.032  -0.595  -1.097  -0.049  -1.581   0.403   0.361  -0.469   0.431  -0.516   1.233   0.384  -0.297  -0.812   0.944   0.705 
  8 A   0.276   0.290   0.057  -0.593  -3.256   0.899  -0.048   0.434  -0.344  -1.424  -0.254   1.128  -1.228  -2.353  -0.317  -0.252   1.393  -0.178   0.505   0.238 
  9 A  -1.626   1.614  -2.437  -3.464  -3.690  -0.652  -2.292  -3.790   0.885  -0.873   0.578   2.321   0.885   2.445  -1.637  -1.391  -2.476  -0.072   4.072  -1.078 
